../../../.git/annex/objects/04/Zf/MD5E-s454666--cd426b60d043467a956d0b822ef2cdeb.tsv/MD5E-s454666--cd426b60d043467a956d0b822ef2cdeb.tsv